ELETROBRAS_ON
ELET3
5
180   186.40
399   205.60
196   700.40
245   476.90
694   903.30
VALE_ON
VALE3
5
180   186.40
399   205.60
196   700.40
245   476.90
694   903.30
PETROBRAS_PN
PETR4
5
180   186.40
399   205.60
196   700.40
245   476.90
694   903.30
BRASIL_ON
BBAS3
5
180   186.40
399   205.60
196   700.40
245   476.90
694   903.30
ELETROBRAS_PNB
ELET6
5
180   186.40
399   205.60
196   700.40
245   476.90
694   903.30
ITAUUNIBANCO_PN
ITUB4
5
180   186.40
399   205.60
196   700.40
245   476.90
694   903.30
BRADESCO_PN
BBDC4
5
180   186.40
399   205.60
196   700.40
245   476.90
694   903.30
PETROBRAS_ON
PETR3
5
180   186.40
399   205.60
196   700.40
245   476.90
694   903.30
EQUATORIAL_ON
EQTL3
5
180   186.40
399   205.60
196   700.40
245   476.90
694   903.30
LOJAS_RENNER_ON
LREN3
5
180   186.40
399   205.60
196   700.40
245   476.90
694   903.30
GERDAU_PN
GGBR4
5
180   186.40
399   205.60
196   700.40
245   476.90
694   903.30
AMBEV_S/A_ON
ABEV3
5
180   186.40
399   205.60
196   700.40
245   476.90
694   903.30
PETRORIO_ON
PRIO3
5
180   186.40
399   205.60
196   700.40
245   476.90
694   903.30
AMERICANAS_ON
AMER3
5
180   186.40
399   205.60
196   700.40
245   476.90
694   903.30
JBS_ON
JBSS3
5
180   186.40
399   205.60
196   700.40
245   476.90
694   903.30
B3_ON
B3SA3
5
180   186.40
399   205.60
196   700.40
245   476.90
694   903.30
HAPVIDA_ON
HAPV3
5
180   186.40
399   205.60
196   700.40
245   476.90
694   903.30
SID_NACIONAL_ON
CSNA3
5
180   186.40
399   205.60
196   700.40
245   476.90
694   903.30
